a : 0.08167
b : 0.01492
c : 0.02782
d : 0.04253
e : 0.12702
f : 0.02228
g :
